image: nate_map3.pgm
resolution: 0.050000
origin: [-11.110149, -1.893085, 0.000000]
negate: 0
occupied_thresh: 0.65
free_thresh: 0.196

