image: nate_map.pgm
resolution: 0.050000
origin: [-11.123453, -1.635991, 0.000000]
negate: 0
occupied_thresh: 0.65
free_thresh: 0.196

