image: pat_map1.pgm
resolution: 0.050000
origin: [-11.516182, -1.782572, 0.000000]
negate: 0
occupied_thresh: 0.65
free_thresh: 0.196

