image: patmap3.pgm
resolution: 0.050000
origin: [-4.893379, -2.423410, 0.000000]
negate: 0
occupied_thresh: 0.65
free_thresh: 0.196

