image: patmap4.pgm
resolution: 0.050000
origin: [-4.900000, -2.335170, 0.000000]
negate: 0
occupied_thresh: 0.65
free_thresh: 0.196

