image: patmap2.pgm
resolution: 0.050000
origin: [-11.586132, -2.039022, 0.000000]
negate: 0
occupied_thresh: 0.65
free_thresh: 0.196

